0 Untitled
0 Name: Ball Wall.ldr
0 Author: SnapCAD
0 Unofficial Model
0 ROTATION CENTER 69.5048 -223.681 -65.3551 1 "Custom" 
0 ROTATION CONFIG 1 1
1 72 -64 -48 0 1 0 0 0 0 1 0 -1 0 228-2500-045.dat
1 72 -32 144 16 1 0 0 0 0 1 0 -1 0 228-2500-140.dat
1 73 -16 128 0 1 0 0 0 -1 0 0 0 -1 228-2500-060.dat
1 73 -48 128 0 1 0 0 0 -1 0 0 0 -1 228-2500-060.dat
1 73 -80 128 0 1 0 0 0 -1 0 0 0 -1 228-2500-060.dat
1 73 -112 128 0 1 0 0 0 -1 0 0 0 -1 228-2500-060.dat
1 73 -16 160 0 1 0 0 0 -1 0 0 0 -1 228-2500-060.dat
1 73 -48 160 0 1 0 0 0 -1 0 0 0 -1 228-2500-060.dat
1 72 -96 144 16 1 0 0 0 0 1 0 -1 0 228-2500-140.dat
1 73 -80 160 0 1 0 0 0 -1 0 0 0 -1 228-2500-060.dat
1 73 -112 160 0 1 0 0 0 -1 0 0 0 -1 228-2500-060.dat
1 72 -64 208 -16 1 0 0 0 0 -1 0 1 0 228-2500-040.dat
1 73 -112 -160 0 -1 0 0 0 -1 0 0 0 1 228-2500-060.dat
1 73 -160.536 -144 -8.928 0.5 0 0.866025 0 -1 0 0.866025 0 -0.5 228-2500-060.dat
1 73 28.564 -143.999 -7.54 -0.5 0 0.866025 0 -1 0 0.866025 0 0.5 228-2500-060.dat
1 73 44.564 -143.999 -35.253 -0.5 0 0.866025 0 -1 0 0.866025 0 0.5 228-2500-060.dat
1 73 -176.536 -144 -36.641 0.5 0 0.866025 0 -1 0 0.866025 0 -0.5 228-2500-060.dat
1 73 -80 -160 0 -1 0 0 0 -1 0 0 0 1 228-2500-060.dat
1 73 -48 -160 0 -1 0 0 0 -1 0 0 0 1 228-2500-060.dat
1 73 -16 -160 0 -1 0 0 0 -1 0 0 0 1 228-2500-060.dat
1 0 -32 -128 16 -1 0 0 0 1 0 0 0 -1 228-2500-135-v2.dat
1 0 -96 -128 16 -1 0 0 0 1 0 0 0 -1 228-2500-135-v2.dat
1 72 16 -128 16 0 0 1 0 1 0 -1 0 0 228-2500-149.dat
1 72 -144 -112 16 0 0 -1 0 -1 0 -1 0 0 228-2500-149.dat
1 0 34.144 -128 -19.713 -0.5 0 -0.866025 0 1 0 0.866025 0 -0.5 228-2500-128-v2.dat
1 0 -166.276 -128 -24.574 -0.5 0 0.866025 0 1 0 -0.866025 0 -0.5 228-2500-128-v2.dat
1 72 49.569 -32 -13.723 0.5 -0.866025 0 0 0 1 -0.866025 -0.5 0 228-2500-028.dat
1 72 -177.636 -32 -14.048 -0.5 0.866025 0 0 0 -1 -0.866025 -0.5 0 228-2500-028.dat
1 0 58.248 -220 -3.875 -0.5 0 -0.866025 0 1 0 0.866025 0 -0.5 228-2500-134-v2.dat
1 0 -192.029 -220 -6.88 -0.5 0 0.866025 0 1 0 -0.866025 0 -0.5 228-2500-134-v2.dat
1 72 71.57 -220 -17.35 -0.5 0 -0.866025 0 1 0 0.866025 0 -0.5 228-2500-145.dat
1 72 -201.348 -204 -18.002 0.5 0 0.866025 0 -1 0 0.866025 0 -0.5 228-2500-145.dat
1 0 107.138 -216 5.347 -0.866025 0 0.5 0 1 0 -0.5 0 -0.866025 228-2500-128-v2.dat
1 0 -236.884 -216 6.458 -0.866025 0 -0.5 0 1 0 0.5 0 -0.866025 228-2500-128-v2.dat
1 72 -297.707 -283.39 25.868 0 -0.5 0.866025 -1 0 0 0 -0.866025 -0.5 228-2500-042.dat
1 72 170.446 -287.39 24.557 0 0.5 0.866025 -1 0 0 0 -0.866025 0.5 228-2500-042.dat
0
